Age_pseudoyear 	Age 	M 	L 	Mat 	K
1 	0.25 	0.3358 	22 	0 	1
2 	0.5 	0.2955 	35.2865 	0 	0.5
3 	0.75 	0.2552 	41.384 	0 	0.75
4 	1 	0.2149 	45.7348 	0 	1
5 	1.25 	0.1746 	49.904 	0.1 	1
6 	1.5 	0.1343 	53.8991 	0.15 	1
7 	1.75 	0.1343 	57.7273 	0.2 	1.8
8 	2 	0.1343 	64.2198 	0.3 	1.8
9 	2.25 	0.1343 	74.721 	0.5 	1.2
10 	2.5 	0.1343 	85.5489 	0.7 	1.2
11 	2.75 	0.1410 	96.3811 	0.9 	1
12 	3 	0.1606 	105.259 	1 	1 	
13 	3.25 	0.1780 	112.534 	1 1 		 
14 	3.5 	0.1915 	118.496 	1 1 	 	
15 	3.75 	0.1994 	123.383 	1 	1
16 	4 	0.2009 	127.387 	1  1	
17 	4.25 	0.1962 	130.669 	1  1	
18 	4.5 	0.1865 	133.359 	1 1 	1	
19 	4.75 	0.1743 	135.563 	1 1	 	1
20 	5 	0.1623 	137.369 	1 	1
21 	5.25 	0.1522 	138.85 	1 	1
22 	5.5 	0.1449 	140.063 	1 1	
23 	5.75 	0.1401 	141.058 	1 1	
24 	6 	0.1373 	141.872 	1 	1
25 	6.25 	0.1357 	142.54 	1 	1
26 	6.5 	0.1349 	143.088 	1 1	
27 	6.75 	0.1346 	143.536 	1 	1
28 	7 	0.1344 	144.168 	1 1